877
82 440
158 247
429 397
236 431
854 58
30 36
759 565
106 237
10 16
325 622
40 131
790 397
475 328
255 146
378 523
794 853
303 310
22 842
265 154
182 215
140 36
189 263
265 613
657 368
10 6
204 135
860 745
84 694
66 221
20 196
90 133
404 113
14 2
18 97
243 126
309 170
766 739
666 723
373 316
660 490
13 15
167 251
358 66
230 628
210 812
47 491
102 33
275 174
495 77
79 483
513 164
662 615
135 165
692 455
245 257
190 566
239 274
130 144
73 544
164 7
69 214
825 394
530 478
84 71
598 455
408 748
583 108
320 231
354 152
272 633
97 124
49 42
545 497
447 601
850 394
65 33
113 800
132 189
630 548
439 518
33 548
576 106
749 1
230 254
784 225
10 156
45 155
18 9
161 642
135 20
25 53
522 246
251 303
534 263
142 108
231 176
301 216
4 536
684 543
47 194
799 532
101 32
347 503
522 700
406 342
673 308
330 230
342 138
127 259
54 143
117 384
162 149
19 13
271 511
153 144
262 249
38 138
11 23
351 129
85 66
54 352
807 813
770 731
85 348
253 238
190 538
726 150
575 869
1 2
644 455
37 66
113 659
817 39
202 100
476 185
136 113
267 35
117 521
111 19
130 690
432 133
193 124
792 437
13 21
354 409
180 871
26 17
180 763
699 131
300 377
360 455
279 182
417 512
27 12
655 632
617 112
70 146
180 654
278 74
250 120
874 371
315 713
209 229
437 546
568 838
239 228
572 23
742 819
95 479
222 52
48 4
313 641
39 340
199 17
66 200
289 178
148 6
524 498
465 180
39 79
91 11
99 73
12 50
68 152
288 19
27 57
8 128
491 677
276 178
2 41
164 413
581 357
605 459
567 326
331 212
239 469
845 124
714 620
227 184
494 333
806 756
219 244
701 452
730 788
287 137
8 9
564 428
363 509
837 513
565 269
335 366
232 210
175 37
755 549
59 226
76 563
182 142
671 351
390 758
650 303
722 393
284 87
318 25
411 252
559 724
866 468
134 96
725 373
158 865
471 344
753 173
492 12
487 165
119 13
43 61
426 20
294 637
727 783
717 230
478 421
253 337
147 390
209 245
629 153
408 346
254 428
430 259
382 373
86 67
489 13
463 78
638 338
5 17
29 415
5 3
716 219
446 244
98 15
647 820
120 616
332 291
550 695
6 8
72 872
32 40
826 400
75 37
306 308
437 488
371 460
317 316
78 113
861 723
160 121
216 32
674 478
663 776
688 300
21 424
204 568
300 381
457 321
49 122
816 327
371 333
775 831
49 634
833 665
619 632
93 55
71 43
554 444
4 2
363 696
875 348
264 122
376 698
330 510
51 27
107 27
29 531
260 555
576 594
205 589
496 89
69 34
360 857
16 425
260 528
735 111
281 277
796 71
122 167
18 139
39 80
416 462
373 443
126 94
680 436
343 302
413 526
620 423
238 237
115 574
847 509
252 60
413 851
29 74
20 447
761 877
336 685
70 35
451 793
473 298
675 460
103 39
103 210
217 307
348 661
198 195
292 85
272 170
782 221
253 282
42 64
191 96
736 475
855 553
873 781
42 739
140 438
74 461
87 154
181 270
266 58
451 111
325 789
466 63
785 215
198 271
754 319
35 46
621 74
787 170
111 112
240 40
391 173
242 42
381 532
49 170
760 365
145 15
718 417
40 96
224 85
447 647
33 203
211 110
224 230
167 353
337 835
330 780
101 268
442 24
215 297
157 54
85 305
92 94
294 212
212 499
258 37
557 173
107 223
166 368
88 61
279 719
161 379
220 44
560 804
223 706
85 192
56 87
268 606
124 159
173 164
54 553
727 477
91 747
254 584
856 77
728 270
715 17
73 414
355 516
389 578
299 80
225 676
37 4
68 8
738 187
389 128
757 103
628 867
540 163
146 593
178 146
125 57
234 31
77 295
322 341
585 77
151 775
226 771
225 27
731 76
257 378
6 28
702 168
8 67
76 83
745 43
190 213
830 821
74 420
261 64
47 212
33 197
444 519
77 733
815 434
68 387
520 569
802 627
16 399
327 291
339 258
453 829
280 480
76 109
597 707
431 794
821 534
346 286
35 137
380 85
72 30
333 128
729 329
114 100
141 421
16 43
63 209
150 142
587 146
239 319
634 639
333 541
604 593
42 63
104 30
180 82
827 92
599 67
631 255
12 9
180 296
251 672
38 59
158 34
24 25
740 154
10 24
285 187
643 158
402 382
779 408
405 182
649 362
441 862
611 351
436 66
34 623
122 130
13 335
1 228
24 174
84 375
193 334
154 269
106 93
58 19
76 20
40 217
225 393
595 306
3 6
630 761
308 355
68 256
32 8
300 597
179 322
81 58
33 7
39 8
170 323
359 187
550 240
81 326
32 300
269 502
95 458
345 100
110 9
413 482
376 113
6 454
395 372
25 188
325 96
459 420
795 403
283 667
666 572
656 600
547 110
452 134
409 517
383 250
579 10
809 681
287 558
171 412
151 385
444 271
168 537
596 839
25 176
58 670
54 27
41 151
389 552
8 62
808 501
843 560
153 529
132 119
149 4
18 116
846 510
539 158
824 766
859 479
483 543
693 131
711 470
493 363
12 283
360 369
840 819
399 591
663 315
183 143
646 499
13 1
248 104
586 645
82 27
317 679
90 63
19 95
206 370
703 67
146 588
316 315
27 260
344 624
373 652
711 848
201 101
47 12
237 603
468 751
357 307
403 190
505 148
668 231
403 481
741 399
501 47
311 14
11 3
313 272
29 360
834 449
694 743
95 241
6 441
592 362
10 108
832 589
29 42
56 8
405 810
777 302
259 742
10 52
270 293
344 308
803 609
274 497
26 29
18 35
537 636
570 477
205 401
807 733
350 60
551 487
798 668
78 336
607 70
7 1
206 304
39 168
525 150
63 870
814 206
27 236
67 485
356 445
290 756
278 474
249 221
433 50
15 246
844 477
683 260
527 614
81 161
15 277
684 768
221 514
347 98
781 146
664 120
449 559
198 618
5 22
367 235
648 532
592 610
215 349
858 601
876 70
681 563
811 789
92 87
8 669
750 630
774 395
775 805
534 734
69 329
490 460
673 686
78 195
227 235
394 818
586 435
764 313
331 615
163 362
48 120
123 67
705 42
301 709
127 468
146 863
549 301
627 447
117 5
542 76
357 710
19 105
687 34
127 10
16 372
19 324
470 237
282 417
778 79
31 29
120 691
7 30
374 87
179 133
500 459
665 156
746 17
233 145
44 2
730 384
15 184
247 744
737 371
596 482
20 77
700 772
163 24
175 315
542 767
732 56
388 314
302 49
849 657
590 340
381 400
182 506
320 562
448 864
205 42
147 51
434 207
5 141
246 515
187 560
219 508
165 765
359 769
653 375
93 418
449 314
635 138
304 828
172 122
534 626
435 67
823 494
101 328
639 841
298 184
582 349
396 321
121 410
720 276
133 704
117 868
439 7
464 307
609 354
10 45
612 231
423 384
678 203
119 527
57 507
210 394
721 238
467 101
407 134
34 16
186 10
177 23
398 416
60 48
187 25
398 374
397 198
797 480
791 394
422 364
852 699
752 671
425 484
185 57
785 836
38 24
20 78
158 658
3 2
361 225
5 73
171 60
115 105
580 381
196 602
66 419
762 412
201 486
756 801
498 324
561 513
234 708
93 190
169 290
608 355
508 571
503 504
625 18
206 203
47 89
31 306
301 312
51 55
318 822
271 453
456 101
407 651
218 175
121 28
